     Value      Percentile TotalCount 1/(1-Percentile)
        90  0.383696000000     383696             1.62
        91  0.463469000000     463469             1.86
       100  0.890468000000     890468             9.13
       101  0.992117000000     992117           126.86
       110  0.995033000000     995033           201.33
       111  0.995828000000     995828           239.69
       120  0.997690000000     997690           432.90
       121  0.998250000000     998250           571.43
       130  0.999016000000     999016          1016.26
       131  0.999278000000     999278          1385.04
       140  0.999451000000     999451          1821.49
       141  0.999508000000     999508          2032.52
       150  0.999595000000     999595          2469.14
       151  0.999636000000     999636          2747.25
       160  0.999679000000     999679          3115.26
       161  0.999702000000     999702          3355.70
       170  0.999728000000     999728          3676.47
       171  0.999748000000     999748          3968.25
       180  0.999775000000     999775          4444.44
       181  0.999784000000     999784          4629.63
       190  0.999792000000     999792          4807.69
       191  0.999802000000     999802          5050.51
       200  0.999811000000     999811          5291.01
       201  0.999823000000     999823          5649.72
       210  0.999834000000     999834          6024.10
       211  0.999842000000     999842          6329.11
       220  0.999853000000     999853          6802.72
       221  0.999855000000     999855          6896.55
       230  0.999859000000     999859          7092.20
       231  0.999860000000     999860          7142.86
       240  0.999861000000     999861          7194.24
       241  0.999864000000     999864          7352.94
       250  0.999865000000     999865          7407.41
       251  0.999867000000     999867          7518.80
       260  0.999870000000     999870          7692.31
       261  0.999873000000     999873          7874.02
       270  0.999874000000     999874          7936.51
       271  0.999876000000     999876          8064.52
       280  0.999877000000     999877          8130.08
       300  0.999879000000     999879          8264.46
       301  0.999880000000     999880          8333.33
       310  0.999881000000     999881          8403.36
       311  0.999886000000     999886          8771.93
       321  0.999887000000     999887          8849.56
       331  0.999889000000     999889          9009.01
       341  0.999890000000     999890          9090.91
       350  0.999891000000     999891          9174.31
       431  0.999892000000     999892          9259.26
       581  0.999893000000     999893          9345.79
       591  0.999895000000     999895          9523.81
       601  0.999899000000     999899          9900.99
       611  0.999903000000     999903         10309.28
       612  0.999904000000     999904         10416.67
       621  0.999905000000     999905         10526.32
       631  0.999906000000     999906         10638.30
       752  0.999907000000     999907         10752.69
      1663  0.999908000000     999908         10869.57
      1773  0.999909000000     999909         10989.01
      1793  0.999910000000     999910         11111.11
      1803  0.999911000000     999911         11235.96
      1814  0.999913000000     999913         11494.25
      1823  0.999914000000     999914         11627.91
      1824  0.999916000000     999916         11904.76
      1844  0.999917000000     999917         12048.19
      1883  0.999918000000     999918         12195.12
      1884  0.999921000000     999921         12658.23
      1904  0.999922000000     999922         12820.51
      1914  0.999924000000     999924         13157.89
      1934  0.999928000000     999928         13888.89
      1943  0.999929000000     999929         14084.51
      1944  0.999931000000     999931         14492.75
      1953  0.999932000000     999932         14705.88
      1954  0.999934000000     999934         15151.52
      1964  0.999935000000     999935         15384.62
      1973  0.999936000000     999936         15625.00
      1974  0.999938000000     999938         16129.03
      1984  0.999939000000     999939         16393.44
      2014  0.999940000000     999940         16666.67
      2023  0.999941000000     999941         16949.15
      2024  0.999943000000     999943         17543.86
      2055  0.999944000000     999944         17857.14
      2065  0.999945000000     999945         18181.82
      2075  0.999946000000     999946         18518.52
      2085  0.999947000000     999947         18867.92
      2095  0.999950000000     999950         20000.00
      2105  0.999951000000     999951         20408.16
      2115  0.999952000000     999952         20833.33
      2125  0.999956000000     999956         22727.27
      2135  0.999957000000     999957         23255.81
      2155  0.999958000000     999958         23809.52
      2175  0.999959000000     999959         24390.24
      2185  0.999960000000     999960         25000.00
      2205  0.999961000000     999961         25641.03
      2225  0.999963000000     999963         27027.03
      2265  0.999964000000     999964         27777.78
      2315  0.999965000000     999965         28571.43
      2365  0.999966000000     999966         29411.76
      2385  0.999967000000     999967         30303.03
      2425  0.999968000000     999968         31250.00
      2465  0.999969000000     999969         32258.06
      2505  0.999970000000     999970         33333.33
      2515  0.999972000000     999972         35714.29
      2595  0.999973000000     999973         37037.04
      2625  0.999975000000     999975         40000.00
      2655  0.999976000000     999976         41666.67
      2695  0.999977000000     999977         43478.26
      2747  0.999978000000     999978         45454.55
      2785  0.999979000000     999979         47619.05
      2795  0.999980000000     999980         50000.00
      2835  0.999981000000     999981         52631.58
      2875  0.999982000000     999982         55555.56
      2905  0.999983000000     999983         58823.53
      2937  0.999984000000     999984         62500.00
      2947  0.999985000000     999985         66666.67
      2965  0.999986000000     999986         71428.57
      3047  0.999987000000     999987         76923.08
      3107  0.999988000000     999988         83333.33
      3167  0.999989000000     999989         90909.09
      3227  0.999990000000     999990        100000.00
      3267  0.999991000000     999991        111111.11
      3337  0.999992000000     999992        125000.00
      3707  0.999993000000     999993        142857.14
      3787  0.999994000000     999994        166666.67
      3969  0.999995000000     999995        200000.00
      4359  0.999996000000     999996        250000.00
      4439  0.999997000000     999997        333333.33
      4571  0.999998000000     999998        500000.00
     10215  0.999999000000     999999       1000000.00
     18847  1.000000000000    1000000
#[Mean    =     95.948, StdDeviation   =     31.580]
#[Max     =      18847, Total count    =    1000000]
#[Buckets =         20]
